time,x,y,z,phi,theta,psi,x_velocity,y_velocity,z_velocity,phi_velocity,theta_velocity,psi_velocity,rotor_speed1,rotor_speed2,rotor_speed3,rotor_speed4
0.06,7.669258142063312e-08,-5.225660403785446e-08,10.004753099366013,6.283113086401645,6.283066900530713,0.0,8.748385993179022e-06,-5.609916542833357e-06,0.1584271276275841,-0.0037269988275133916,-0.006245720884341967,0.0,455.21505889858645,454.7151286420132,455.3056598752081,455.0074646758615
0.12000000000000001,4.307203647701141e-06,-2.7614949818717443e-06,10.017089322608038,6.282822978999381,6.282844905209071,0.0,0.00016201516999574475,-0.00011058492623586215,0.25276345733215005,-0.007149068226269019,0.0009593406657357043,0.0,435.73346410043,436.3353457645423,434.38056961359894,434.0936394911234
0.18,2.0312024751905876e-05,-1.476539812972953e-05,10.033520485318448,0.0010311491491385993,6.282830353571066,0.0,0.0003693579802810926,-0.00021591635139706113,0.2949316472417396,0.053409378174769234,-0.0027618624391084244,0.0,418.1070911308636,417.7828237280771,415.8630316877161,421.1334142197574
0.23999999999999996,5.18382477039393e-05,1.1205245076433594e-05,10.057565724272473,0.004133163138072327,6.282446457075569,0.0,0.0007126059325367557,0.001455543687302952,0.5065052073556666,0.04804328808040492,-0.01489896473105551,0.0,471.5114132892622,470.5730785670502,471.35150756531596,470.9382469328195
0.3,0.00011247795820546353,0.00019461666208651292,10.090902783221074,0.006863084592738211,6.282139940666102,0.0,0.001364694027922927,0.004944019586977511,0.6046812221593584,0.03985207223227357,0.009508303457969894,0.0,435.5607483031163,437.59696335841943,436.9777832491084,436.2957668539951
0.36000000000000004,0.00021530952969197977,0.0006535023689101495,10.13172173135439,0.009341944414173575,6.282550326454057,0.0,0.0020085150812105047,0.010618522837216489,0.7558601120666366,0.044088510224745116,0.0008824381250656398,0.0,453.61954219206586,452.9263338027756,453.06551718920593,453.4068197976821
0.4200000000000001,0.0003484763366754933,0.0014920924676292279,10.179896562163256,0.012106824031885566,6.282762388505521,0.0,0.0024164659591728124,0.01760764622136305,0.8498990765596636,0.049794433442606104,0.008371185849509351,0.0,435.52521695958353,436.1509702887163,435.1542977660444,435.63290880828316
0.48000000000000015,0.0005008555419709605,0.0028359100659739,10.235925094194606,0.01467424872750911,0.00017873217069563907,0.0,0.002600747269924277,0.027502581773032515,1.017579904684661,0.022644638058752966,0.013149888272240128,0.0,458.15251783140894,458.5321304534053,460.01509051922335,457.8613112576474
0.5400000000000001,0.000651054839440531,0.00475009749795905,10.297015664410463,0.015865907215196984,0.001092123922633803,0.0,0.002331257299873572,0.03641561524237357,1.0187695059310995,0.013614678208682425,0.01907687646499087,0.0,404.32957266824565,404.8630576609334,406.669672037929,405.8601264323337
0.6000000000000002,0.0007669262754711454,0.007225163156704462,10.358597006332017,0.016685114349957786,0.0026167338892957304,0.0,0.0014096786631045159,0.04615943793648595,1.0339266749582408,0.013730885137247427,0.03575677912580564,0.0,408.89633146808336,410.3795802592173,410.746430086336,410.7566367448537
0.6600000000000003,0.0007854271563530816,0.010363967578907807,10.42483793723235,0.018270373084790847,0.004935367313055217,0.0,-0.0010341004475844992,0.058603294827700304,1.1739672982458333,0.04410866826474594,0.043868437279562286,0.0,449.74693606622856,450.40408209745897,449.78205198490014,452.23542569050875
0.7200000000000003,0.0005932211367756557,0.014328603290622108,10.501518016468374,0.020993681465656167,0.00796893356063233,0.0,-0.00570874894168969,0.07386362054079144,1.38179890286635,0.047831803490055634,0.06138149714349471,0.0,471.51791548915776,472.8701979038376,470.2298427528164,470.51920981981476
0.7800000000000004,7.058369586421326e-05,0.019208219451749785,10.587572596878744,0.023861220467180644,0.011753142266243799,0.0,-0.012095088840918833,0.08908179942225622,1.486545865369294,0.04771325257527538,0.0662485167610129,0.0,439.8007066837012,440.2065218024887,440.7308906357244,440.72250141174857
0.8400000000000004,-0.0009659046948044335,0.025160200813189378,10.683991710868222,0.026838618966553263,0.015574731626037064,0.0,-0.022929850719433133,0.10966793105834616,1.7270766094124785,0.05319202414516873,0.05802088818803094,0.0,481.50937543035593,480.88920652826664,481.86432819562265,482.27960667402607
0.9000000000000005,-0.0027173286158262804,0.03237528735919739,10.793111062336024,0.029676989640445406,0.018720643035353923,0.0,-0.035828836424159335,0.13117542301050905,1.909930044751851,0.031684063028070406,0.03787727586371551,0.0,466.69793027046984,465.12472860008705,465.77143965601766,464.08761976672514
0.9600000000000005,-0.005311217808411704,0.04094254837708182,10.913242111622857,0.031075669178695975,0.020643504546655755,0.0,-0.050872483370544265,0.15459074289206187,2.0941065089915183,-0.004107572827172988,0.016628446508883267,0.0,468.14597829569533,466.4900738580639,466.9845719075591,464.18450414658747
1.0200000000000005,-0.008842461121178402,0.05093070921363666,11.044196556197903,0.03035401325899123,0.021865745192950925,0.0,-0.06695550607688446,0.17829192731881627,2.270704527772514,-0.03674172288246548,0.02696431425388684,0.0,464.5366853231585,465.34638811083033,466.07905259669434,463.5216556170984
1.0800000000000005,-0.01325751369322802,0.06216572825739052,11.180716010816488,0.028823781658529057,0.023313865780976606,0.0,-0.08034900391881061,0.19604718976782537,2.279925996019874,-0.009304409183558366,0.017774376607554657,0.0,412.5185533345942,411.7063972599955,411.5573230959152,413.97828161090644
1.1400000000000006,-0.018482254263898372,0.07442010732862382,11.31698858015053,0.028285263263515326,0.02499130464579924,0.0,-0.09393057569445284,0.21238559342600657,2.2625246717536163,-0.008325089269326683,0.04301263780652126,0.0,402.24497784945794,404.5242840361717,403.35441511094973,403.44295775333154
1.2000000000000006,-0.024634193864737766,0.08773348842808566,11.455333932772845,0.02735676251889263,0.027458990298526054,0.0,-0.11138245730221434,0.23132267549114396,2.3488068032045026,-0.03629111775660448,0.037065340048028896,0.0,439.424136035253,438.93177770699987,437.3480158830695,435.01256648190355
1.2600000000000007,-0.03184540677325014,0.1021235038630899,11.59754297408206,0.02610727941685731,0.029692720275715345,0.0,-0.1291974845215598,0.24819030012172913,2.391402730446302,-0.0005438553371891613,0.03755375210437635,0.0,424.65910151654253,424.7017134428116,421.6613695167546,424.73800371555654
1.3200000000000007,-0.04025236291601622,0.11758110236800233,11.745107291405903,0.02618178869478438,0.031959778683047446,0.0,-0.15126836100055133,0.26705644683921753,2.5271071165965378,0.0045935204111282575,0.03824136489851996,0.0,453.1036947277182,453.1596211629867,454.1090178047389,454.52089349645087
1.3800000000000008,-0.05013116783668136,0.1342534005757326,11.90383901088248,0.02700860440731745,0.03424868675037551,0.0,-0.17828782525757314,0.28874386596052504,2.763394018164881,0.027703128210565593,0.03796206880747039,0.0,484.19935147190057,484.1789125321678,483.4465398335585,485.18453144257535
1.4400000000000008,-0.061533855924322624,0.15213194573969205,12.07230470623198,0.029169287623500573,0.03609526025484655,0.0,-0.20200809182038748,0.30739587163767723,2.851894453651731,0.04888566363544503,0.009796986580722337,0.0,442.60973665034396,440.28595455151685,439.36475388921514,441.1180118305878
1.5000000000000009,-0.07443797393359729,0.17121600614115473,12.247377226260003,0.031912626082719164,0.03645286265535663,0.0,-0.22816958909327906,0.3290321235527864,2.9835045483542335,0.03849866428083172,-0.0031004386674509214,0.0,454.57018303555725,453.53539455660274,455.9181211330738,455.08862375533755
1.560000000000001,-0.08886862878772672,0.191612462410279,12.429023118991633,0.03447616045635549,0.03637140488917723,0.0,-0.2528314846032163,0.35108611938530104,3.0711133494929714,0.05006278486108222,0.0019183532798817656,0.0,441.5804460664475,441.99429538659257,441.3728020535455,442.3271749867588
1.620000000000001,-0.10484854973315523,0.21345241725780506,12.617812980628251,0.037244693144213414,0.03589257431260506,0.0,-0.2798251645806957,0.37721389965619234,3.2214508600334435,0.036848713647039726,-0.05203034354091244,0.0,464.62989196796264,460.38074747930546,461.4725867037401,460.42947969953536
1.680000000000001,-0.1223596351153546,0.2368504236995801,12.813821343179775,0.03964859089230721,0.03256075112873358,0.0,-0.3035469531613504,0.40294132828944895,3.3118998528568055,0.04582451597097842,-0.06365305959417455,0.0,444.53081766835305,443.5752194450177,443.87857463371597,444.6153955849795
1.740000000000001,-0.14117390720533946,0.26177990478368385,13.0136881154523,0.042655684295133334,0.02862701019470837,0.0,-0.32323436831505037,0.42830394594177684,3.35020950071106,0.05755598559204076,-0.06968182090355736,0.0,427.36506641175095,426.8474830992601,428.41698599702875,429.41500781089786
1.8000000000000012,-0.16119034509692617,0.2884384642299797,13.219270596712013,0.04664856984967436,0.02472356074640647,0.0,-0.3435281240536129,0.4607066880963833,3.502073175329816,0.08023778024291736,-0.05712654211702982,0.0,462.9421488251093,463.92605381357686,463.374020898947,465.15667435297917
1.8600000000000012,-0.18223751841160166,0.316931517561922,13.42967948835142,0.05204155405647626,0.021152667372703604,0.0,-0.35773633544766575,0.48951565585894463,3.5115055579778574,0.1043267792730513,-0.06477708351671532,0.0,419.94440030224547,419.27746856011646,418.94511039673756,421.04153485169854
1.9200000000000013,-0.20412284247407633,0.34738444767521104,13.643102882394084,0.058313964162127974,0.017683097583569563,0.0,-0.3714035866798981,0.5261961534814494,3.6022882214351566,0.10496321564021954,-0.0466636564422779,0.0,444.8727125241585,446.3510466661293,446.75047267855706,446.8118361769403
1.9800000000000013,-0.22673482332236108,0.38007282487389826,13.860400232025627,0.0647167943904563,0.015133414586649074,0.0,-0.38208142321288574,0.5639972445871667,3.6407913298975987,0.11000072153183868,-0.03524550457081788,0.0,429.31291560516996,430.27961192135723,430.3928510153034,430.829389277764
2.0400000000000014,-0.2499472743270163,0.4151747524617236,14.080360317141714,0.07183503763804922,0.012797730356540526,0.0,-0.3914567973724309,0.6067065776176742,3.6909947103093503,0.1319002157860692,-0.047553456795706696,0.0,434.65811637889175,433.6245221126045,433.65944482252894,435.507890306055
2.1000000000000014,-0.27365543075263116,0.4528570851092911,14.3016508208614,0.08020532011607884,0.01057885633259481,0.0,-0.39860271522808766,0.6500756723044767,3.6853069256125126,0.15149808402632076,-0.021498453865183738,0.0,414.8100020751382,417.09101151143574,416.09970044053813,417.8311137607335
2.1600000000000015,-0.2978235477924,0.4938022435979428,14.52882013646339,0.08926168493498299,0.009774976922528822,0.0,-0.4068768670531425,0.7157647180777231,3.8862247065581137,0.149799441269525,-0.0007759996835172665,0.0,479.4083907948658,480.9805224746464,482.0743976203592,481.96551834918876
2.2200000000000015,-0.3224967393998449,0.5391118151336212,14.77031528986782,0.09770761240762038,0.00993785199682673,0.0,-0.41556227521220307,0.795593848491088,4.162503145566014,0.10854597053188678,0.008913828857890502,0.0,504.4498607644437,505.14907340057306,504.9025782035743,501.9322328886804
2.2800000000000016,-0.3476405370708322,0.5888518602394223,15.022668963014155,0.10385717284504459,0.010500978815326967,0.0,-0.42261645132111153,0.8630045281056379,4.248868251247451,0.08625873238526528,0.010312393240433098,0.0,449.49273704981044,449.60594802436276,452.18201473603585,450.3915979897209
2.3400000000000016,-0.37325721165049075,0.6431257254783085,15.283716595275884,0.1090309175375328,0.011251747602288198,0.0,-0.4313455391108821,0.9466380262045015,4.451839569296964,0.08616974410508435,0.01658565891075563,0.0,485.7868461530245,486.2569223971489,486.51678325784616,486.5155482310645
2.4000000000000017,-0.3993727396582367,0.7021126503163058,15.553063053610705,0.11460825926578533,0.012284636755500067,0.0,-0.43926866815913723,1.0200779909511215,4.525979844608479,0.1038994768941905,0.018444279573081226,0.0,449.4330874469812,449.58363896438294,448.3907347197108,449.8359851287277
2.4600000000000017,-0.4259557796950513,0.7653512583553591,15.824544472690247,0.1205484470197371,0.013148375556339964,0.0,-0.446920113949832,1.0883938305525371,4.523303058059063,0.086775925855098,0.004731730012979852,0.0,426.1525471196852,424.9785663406061,426.05067626488085,424.5927074889129
2.520000000000002,-0.45297965401521667,0.8325031862100657,16.093518214423817,0.12599882186537936,0.013433672086071269,0.0,-0.4539019922314551,1.150429413641184,4.442717229069107,0.09792558149168153,0.0048013281621049,0.0,399.3648859527113,399.37115124539696,398.150608586615,399.17742835704246
2.580000000000002,-0.48050868806748565,0.9042229938751724,16.363620434235862,0.13166389070159035,0.014085890298414228,0.0,-0.4637780057544985,1.2407564454992526,4.560086936479507,0.08627736948452706,0.020859455673576145,0.0,462.7508247514711,464.013183900421,463.6734443959871,462.76446656980795
2.640000000000002,-0.5086648411455879,0.9816354758238734,16.64193588001467,0.1366242311676844,0.015292088025841366,0.0,-0.47488733460134236,1.3401112225359582,4.716310864530074,0.07426486880860224,0.01854651922948149,0.0,475.33941712146725,475.1620619919281,477.60644085841125,476.6942816608444
2.700000000000002,-0.5374685781376155,1.0647112872610833,16.926691293907314,0.14166974650540531,0.01623432004785208,0.0,-0.48533308594324404,1.4294830229453521,4.775157297848363,0.09874258275795719,0.009307501592516431,0.0,448.85995918696085,448.10935606766515,446.58046676832635,448.57838814029094
2.760000000000002,-0.5669982952408129,1.1539573991479455,17.219893068890887,0.14718401565585992,0.01750449717227376,0.0,-0.4990932669798415,1.545912811622857,4.997086237323161,0.07250285912773255,0.038021704093990215,0.0,497.1008472556906,499.2007323411014,498.04820738520016,496.13103518385446
2.820000000000002,-0.5972141770655598,1.2488490881348913,17.51657397249448,0.1514783956372474,0.020345482333107512,0.0,-0.5082986263659011,1.6174910834095875,4.892622907581045,0.06964633163079638,0.061433305229060826,0.0,395.13805424551924,397.29241234754465,397.2522006615085,396.994737304388
2.880000000000002,-0.6281709055954521,1.3491290367710733,17.813726568217447,0.155090046438219,0.023581635191017192,0.0,-0.523952903548755,1.7254803958030247,5.011773633889812,0.023740514361523413,0.031463178960991725,0.0,469.77236823772375,467.4439811053011,471.45271145715697,467.89384978216935
2.940000000000002,-0.6602003524134046,1.4564038440883906,18.12092693174418,0.1566421734809893,0.025987541067609143,0.0,-0.5439327432181706,1.850322908866297,5.227130640391669,0.029817099051324604,0.05336717477070665,0.0,498.55919960345244,500.15782139297573,497.7187401248013,498.1633750000275
3.000000000000002,-0.6933184239529905,1.5701774049890782,18.43457213570119,0.15826033807376483,0.029133501204960055,0.0,-0.5602807138393971,1.9422300769565,5.227597146056749,0.020560960673356922,0.050495660984824414,0.0,435.34642336036353,435.10789435679334,436.45076090872976,435.67758810662457
3.0600000000000023,-0.7275880445116221,1.6900968272712005,18.75206475377465,0.16001007292055558,0.03209045868931959,0.0,-0.5823400945887508,2.0550956123405095,5.354757849996098,0.042391287421863946,0.04673985378997742,0.0,475.48876038697085,475.20223453857676,474.5616826157901,476.2348344169363
3.1200000000000023,-0.7631927493845888,1.816567963834309,19.07560636947065,0.1621595809748122,0.034544760294956234,0.0,-0.6047338285233453,2.1607301949217175,5.42945609287736,0.017556567780887964,0.025468385623840073,0.0,461.90475222801535,460.22466582745045,461.8526617058151,459.88989762341913
3.1800000000000024,-0.8001348253203285,1.9491690419547902,19.40217448203352,0.16347244606811717,0.035855402667347214,0.0,-0.6267948980275101,2.2593335964366186,5.455909843233916,0.029366975620021833,0.013377973473701954,0.0,447.33591716995255,446.3501302008817,446.43862332269947,447.4014361344988
3.2400000000000024,-0.8384596486906769,2.0878698072256983,19.731329027467616,0.1647043508728041,0.03653508186457355,0.0,-0.6507599762338273,2.364069894919838,5.515491115840239,-0.010152084769825842,0.006875698887573637,0.0,457.5872848518601,457.0691510473511,459.85789806174574,456.7161952596314
3.3000000000000025,-0.8781308071855988,2.232389476582244,20.061226279370093,0.16397104547513575,0.03772873053614045,0.0,-0.6716919392472325,2.4531568383062172,5.481195375154776,-0.016720563447198397,0.0379058505937244,0.0,427.3544675269497,429.9918408863103,428.61449832094365,428.0558924870917
3.3600000000000025,-0.9192866075116277,2.3830986438986956,20.394323507265934,0.16368473675014883,0.039955708772215104,0.0,-0.7003844450112763,2.5702262055329235,5.621250760364165,0.01217054403477588,0.03548890190915979,0.0,483.11748258730967,482.93570125069033,481.3221132745597,483.5040889464291
3.4200000000000026,-0.9619904220250353,2.5399201216489264,20.730380763840408,0.16388944098051095,0.04211631213574929,0.0,-0.7232592862418323,2.657164970192451,5.5807703917063245,-0.026693628878483477,0.037032278990928404,0.0,428.5179223618788,428.6497580352882,429.0743540682028,425.7614215050746
3.4800000000000026,-1.0060969818447534,2.701916990902647,21.063863698100505,0.16250814010861614,0.04412114501817488,0.0,-0.747141921495564,2.7425672486713992,5.535510973126711,-0.01653803536715834,0.024965276961467966,0.0,425.64728976515187,424.6136035514349,426.646214882287,427.51252029045895
3.5400000000000027,-1.051630605599564,2.8688670580183686,21.393801991338016,0.16215241113329082,0.045790834112340306,0.0,-0.7707851657503534,2.8223669413468206,5.462742087942666,0.009597679481148334,0.03301330849774916,0.0,416.796346363796,417.4995366808667,414.53834272871285,416.8292131730459
3.6000000000000028,-1.0987185955839376,3.0409654758727678,21.72166901101007,0.1630995513203457,0.04814900860034843,0.0,-0.799006632928598,2.914230593821596,5.466037499602581,0.02593655808273088,0.04958957509591993,0.0,439.39335855407614,440.7664681919038,441.28805829199166,442.6349083158218
3.660000000000003,-1.1476289025001492,3.2188593434904846,22.051413841075288,0.16458094741526974,0.050700190863197214,0.0,-0.8315932332771018,3.0155756433123657,5.525018004198844,0.022072587057347198,0.022076909433728364,0.0,460.30490321939095,458.1229184493314,458.78359256702475,458.47670733017253
3.720000000000003,-1.1983555821888612,3.40225766599266,22.38114191037593,0.1661242062410544,0.05185611188812622,0.0,-0.8594104536207823,3.097779856551497,5.466109131703285,0.032167610698024686,0.01294827765177888,0.0,421.3146875052198,420.5244897297274,422.09503913176457,422.9656947986434
3.780000000000003,-1.251043092930251,3.5914727451044635,22.712519648106714,0.16859690709367214,0.05225640916704677,0.0,-0.8968752050578627,3.209436083740889,5.5790782809532615,0.054964951999668395,-0.010441452304939449,0.0,476.0605278968543,474.26705784004747,475.7535357703956,477.4968905004868
3.840000000000003,-1.3059369619806027,3.787282115955013,23.04979958773809,0.17157711106154405,0.05173744540016134,0.0,-0.9328403296068802,3.317695268662759,5.662971779494956,0.036127404898586915,-0.0052866468385571646,0.0,468.9070264811392,469.30750378173656,468.8953438772902,467.4307053608096
3.900000000000003,-1.3630692703072587,3.9899233945928994,23.393793324674668,0.17448001227345777,0.05121750857264029,0.0,-0.9714867699876919,3.4370695154278437,5.802562783806252,0.06563054736969513,-0.016464996570014653,0.0,486.6250753532046,485.7875533616882,485.65283829428273,487.86223539427016
3.960000000000003,-1.4224566543379602,4.199607974019414,23.745164892360467,0.1785646321640728,0.049831761225713755,0.0,-1.0079454231586125,3.5526325328317556,5.909023384588062,0.07256664822620915,-0.04163454600525766,0.0,478.6751976795757,476.7554837962072,479.1336761770145,479.66392048325605
4.020000000000002,-1.4840399739911743,4.416449094206481,24.103735609776464,0.18251947308299332,0.04685866383304482,0.0,-1.0445118232491701,3.675622313716086,6.042362259006117,0.04729421434340227,-0.07423366263314085,0.0,489.8583007174986,487.42604771240696,488.47922901685774,486.59324524177106
4.080000000000001,-1.5475818015754124,4.640084066892265,24.466780484146533,0.1849064033278509,0.04201823553018613,0.0,-1.0731377993541595,3.778998048900714,6.058897753514488,0.01723133395867469,-0.09841772070266687,0.0,455.40773579657616,453.46333877682514,455.8690252235107,453.46056178830923
4.14,-1.6127431662860745,4.869906435695722,24.83062873215307,0.18576200206380555,0.0363612670455602,0.0,-1.0984022783251746,3.8817097913702647,6.069240314377603,0.0075337590636424066,-0.08708826822362997,0.0,451.6962737677345,452.6017940454181,454.28290523184796,453.50433728548495
4.199999999999998,-1.679378129394805,5.106170430573488,25.19661472521952,0.18654084582653407,0.031367420732630436,0.0,-1.1222689440806508,3.9936338211684004,6.129863611655691,0.022105173213153598,-0.07646143687992274,0.0,468.60555263740343,469.4257895170651,468.2144190825103,469.34684377556704
4.259999999999997,-1.7472460793860645,5.348499971333397,25.562811778444416,0.18799723015379577,0.027194934070236876,0.0,-1.1396698584239016,4.0840696998090005,6.076918504564647,0.028289637949952682,-0.05842025463689145,0.0,433.5875991295466,435.0971117146149,433.0724324536891,433.5925434862949
4.319999999999996,-1.815998782511296,5.59557117931548,25.922217574474555,0.18952770722275858,0.023204991011746223,0.0,-1.1518986011245445,4.151808846161737,5.904181276852485,0.01926700588611188,-0.09209405053047012,0.0,394.09261051498027,390.9621994996189,391.5895076165849,390.74924358795386
4.379999999999995,-1.8855710560412424,5.847864663241547,26.277305037843416,0.19024336768335637,0.018384227545403142,0.0,-1.1667181644485651,4.257909438227711,5.931825028891607,-0.009784426330434656,-0.0636190792519888,0.0,456.7748955499579,459.0352469323273,457.92849647795214,455.6110804865067
4.439999999999993,-1.9559276262422223,6.106261442196178,26.632771194097828,0.18914811130257547,0.01461044766170616,0.0,-1.1781895529356021,4.3551323560766875,5.917100038769336,-0.04630786483576867,-0.061489296505775004,0.0,444.67716014903505,444.84877436359903,445.43861158351774,442.4408701850629
4.499999999999992,-2.0268953748531486,6.370239635661863,26.9863218059965,0.18612457866990528,0.011016588197198196,0.0,-1.1871255146912059,4.443813450189391,5.868244633349664,-0.0601555678500367,-0.05689186760757503,0.0,432.4946872590356,432.8791884141339,433.9493604335821,432.7833478809698
4.559999999999991,-2.0983639824706644,6.639811500930026,27.338844170834435,0.182364903765043,0.00756894831211774,0.0,-1.194863978179957,4.54141613936705,5.882495795710964,-0.0682108493468327,-0.058622745480319954,0.0,452.72027182367333,452.5787385508535,453.0115154665508,452.36038535743114
4.6199999999999894,-2.1702195996557943,6.914704321282884,27.689874865858464,0.17838812885497646,0.004152554222248028,0.0,-1.2000664761398865,4.62127474360821,5.818981457985228,-0.06267432953904636,-0.053771664097741395,0.0,427.5267688093233,427.9376398975139,426.87101343906886,427.339861921985
4.679999999999988,-2.2423379770025025,7.194340494641275,28.037354368263763,0.17575689400648464,0.0016392655923844757,0.0,-1.2036672822278165,4.699595214345684,5.764038809823666,-0.02082047542231983,-0.025017084980085418,0.0,427.52555357229943,429.96794628537884,428.0732261421359,431.6192869197677
4.739999999999987,-2.3146379805679005,7.478625622950804,28.381628408381673,0.1748454233345127,6.283175950534192,0.0,-1.206213317978974,4.776402506065291,5.7120422621230995,-0.00581054730870975,-0.03291608721343493,0.0,431.01738797246804,430.34890812670113,427.78619234464674,429.0628013513395
4.799999999999986,-2.3870634299293094,7.7676792740325755,28.72391400469192,0.17413797513756535,6.280963585251829,0.0,-1.2077971690504885,4.858554167296416,5.697530881761897,-0.027769156816263196,-0.046270033872234745,0.0,442.5614166113041,441.45995785581397,441.39307919299256,439.57681170223606
4.859999999999984,-2.4595404749558134,8.061942168454156,29.067177682395766,0.1721002806083307,6.278986344534797,0.0,-1.2078947387964363,4.949845963138269,5.744349867387018,-0.0507403805765793,-0.014655576224991543,0.0,458.99293292873955,461.4950736635955,461.6164784271842,459.79927298216404
4.919999999999983,-2.532001997706662,8.361222605067361,29.41103044612557,0.16913468421871425,6.278138116287728,0.0,-1.2074187170502533,5.02579009752083,5.717616536170043,-0.04692147497208175,-0.013119943540808874,0.0,438.29704211222787,438.42478973384385,436.6794426922232,436.9963982287356
4.979999999999982,-2.6044261323940208,8.664821603095012,29.752364195339542,0.16631450732496056,6.2770147163089565,0.0,-1.206646759378491,5.093857587299048,5.660548972161128,-0.04716634105774219,-0.03333406867699099,0.0,428.0623711379051,426.33828670941386,427.12754359677047,427.1052362242938
5.0399999999999805,-2.676745744044688,8.973376004783315,30.09594354288315,0.16353672498357152,6.275173759248878,0.0,-1.203811416078084,5.190717287763619,5.791427812350944,-0.04461136515136123,-0.025847637965671355,0.0,484.60840139799205,485.1706864826131,485.10000996647426,485.2907975644211
